140 328
140 365
142 403
148 442
160 479
180 513
205 542
235 567
274 575
318 570
361 551
400 525
432 492
452 453
460 410
463 369
466 326
158 297
172 276
196 269
223 271
248 281
301 279
331 269
362 269
393 278
415 298
272 314
271 345
268 376
266 408
239 416
253 426
271 433
290 425
308 417
188 322
203 313
222 313
239 323
221 326
203 326
324 323
341 312
360 312
378 322
361 326
342 326
214 459
234 454
256 452
275 456
294 452
321 453
351 458
323 480
296 490
275 491
256 490
235 479
224 461
256 465
275 466
294 464
342 460
295 473
275 475
256 473
